EDGE2 1 0 1.0 0.0 0.0 1 0 1 1 0 0
EDGE2 2 1 1.0 0.0 0.0 1 0 1 1 0 0
EDGE2 3 2 1.0 0.0 0.0 1 0 1 1 0 0
EDGE2 4 3 1.0 0.0 0.0 1 0 1 1 0 0
EDGE2 5 4 1.0 0.0 0.0 1 0 1 1 0 0
EDGE2 6 5 1.0 0.0 0.0 1 0 1 1 0 0
EDGE2 7 6 1.0 0.0 0.0 1 0 1 1 0 0
EDGE2 8 7 1.0 0.0 0.0 1 0 1 1 0 0
EDGE2 9 8 1.0 0.0 0.0 1 0 1 1 0 0
EDGE2 10 9 1.0 0.0 0.0 1 0 1 1 0 0
EDGE2 11 10 1.0 0.0 0.0 1 0 1 1 0 0
EDGE2 12 11 1.0 0.0 0.0 1 0 1 1 0 0
EDGE2 13 12 1.0 0.0 0.0 1 0 1 1 0 0
EDGE2 14 13 1.0 0.0 0.0 1 0 1 1 0 0
EDGE2 15 14 1.0 0.0 0.0 1 0 1 1 0 0
EDGE2 16 15 1.0 0.0 0.0 1 0 1 1 0 0
EDGE2 17 16 1.0 0.0 0.0 1 0 1 1 0 0
EDGE2 18 17 1.0 0.0 0.0 1 0 1 1 0 0
EDGE2 19 18 1.0 0.0 0.0 1 0 1 1 0 0
EDGE2 20 19 1.0 0.0 0.0 1 0 1 1 0 0
EDGE2 21 20 1.0 0.0 0.0 1 0 1 1 0 0
EDGE2 22 21 1.0 0.0 0.0 1 0 1 1 0 0
EDGE2 23 22 1.0 0.0 0.0 1 0 1 1 0 0
EDGE2 24 23 1.0 0.0 0.0 1 0 1 1 0 0
EDGE2 25 24 1.0 0.0 1.570796 1 0 1 1 0 0
EDGE2 26 25 1.0 0.0 0.0 1 0 1 1 0 0
EDGE2 27 26 1.0 0.0 0.0 1 0 1 1 0 0
EDGE2 28 27 1.0 0.0 0.0 1 0 1 1 0 0
EDGE2 29 28 1.0 0.0 0.0 1 0 1 1 0 0
EDGE2 30 29 1.0 0.0 0.0 1 0 1 1 0 0
EDGE2 31 30 1.0 0.0 0.0 1 0 1 1 0 0
EDGE2 32 31 1.0 0.0 0.0 1 0 1 1 0 0
EDGE2 33 32 1.0 0.0 0.0 1 0 1 1 0 0
EDGE2 34 33 1.0 0.0 0.0 1 0 1 1 0 0
EDGE2 35 34 1.0 0.0 0.0 1 0 1 1 0 0
EDGE2 36 35 1.0 0.0 0.0 1 0 1 1 0 0
EDGE2 37 36 1.0 0.0 0.0 1 0 1 1 0 0
EDGE2 38 37 1.0 0.0 0.0 1 0 1 1 0 0
EDGE2 39 38 1.0 0.0 0.0 1 0 1 1 0 0
EDGE2 40 39 1.0 0.0 0.0 1 0 1 1 0 0
EDGE2 41 40 1.0 0.0 0.0 1 0 1 1 0 0
EDGE2 42 41 1.0 0.0 0.0 1 0 1 1 0 0
EDGE2 43 42 1.0 0.0 0.0 1 0 1 1 0 0
EDGE2 44 43 1.0 0.0 0.0 1 0 1 1 0 0
EDGE2 45 44 1.0 0.0 0.0 1 0 1 1 0 0
EDGE2 46 45 1.0 0.0 0.0 1 0 1 1 0 0
EDGE2 47 46 1.0 0.0 0.0 1 0 1 1 0 0
EDGE2 48 47 1.0 0.0 0.0 1 0 1 1 0 0
EDGE2 49 48 1.0 0.0 0.0 1 0 1 1 0 0
EDGE2 50 49 1.0 0.0 1.570796 1 0 1 1 0 0
EDGE2 51 50 1.0 0.0 0.0 1 0 1 1 0 0
EDGE2 52 51 1.0 0.0 0.0 1 0 1 1 0 0
EDGE2 53 52 1.0 0.0 0.0 1 0 1 1 0 0
EDGE2 54 53 1.0 0.0 0.0 1 0 1 1 0 0
EDGE2 55 54 1.0 0.0 0.0 1 0 1 1 0 0
EDGE2 56 55 1.0 0.0 0.0 1 0 1 1 0 0
EDGE2 57 56 1.0 0.0 0.0 1 0 1 1 0 0
EDGE2 58 57 1.0 0.0 0.0 1 0 1 1 0 0
EDGE2 59 58 1.0 0.0 0.0 1 0 1 1 0 0
EDGE2 60 59 1.0 0.0 0.0 1 0 1 1 0 0
EDGE2 61 60 1.0 0.0 0.0 1 0 1 1 0 0
EDGE2 62 61 1.0 0.0 0.0 1 0 1 1 0 0
EDGE2 63 62 1.0 0.0 0.0 1 0 1 1 0 0
EDGE2 64 63 1.0 0.0 0.0 1 0 1 1 0 0
EDGE2 65 64 1.0 0.0 0.0 1 0 1 1 0 0
EDGE2 66 65 1.0 0.0 0.0 1 0 1 1 0 0
EDGE2 67 66 1.0 0.0 0.0 1 0 1 1 0 0
EDGE2 68 67 1.0 0.0 0.0 1 0 1 1 0 0
EDGE2 69 68 1.0 0.0 0.0 1 0 1 1 0 0
EDGE2 70 69 1.0 0.0 0.0 1 0 1 1 0 0
EDGE2 71 70 1.0 0.0 0.0 1 0 1 1 0 0
EDGE2 72 71 1.0 0.0 0.0 1 0 1 1 0 0
EDGE2 73 72 1.0 0.0 0.0 1 0 1 1 0 0
EDGE2 74 73 1.0 0.0 0.0 1 0 1 1 0 0
EDGE2 75 74 1.0 0.0 1.570796 1 0 1 1 0 0
EDGE2 76 75 1.0 0.0 0.0 1 0 1 1 0 0
EDGE2 77 76 1.0 0.0 0.0 1 0 1 1 0 0
EDGE2 78 77 1.0 0.0 0.0 1 0 1 1 0 0
EDGE2 79 78 1.0 0.0 0.0 1 0 1 1 0 0
EDGE2 80 79 1.0 0.0 0.0 1 0 1 1 0 0
EDGE2 81 80 1.0 0.0 0.0 1 0 1 1 0 0
EDGE2 82 81 1.0 0.0 0.0 1 0 1 1 0 0
EDGE2 83 82 1.0 0.0 0.0 1 0 1 1 0 0
EDGE2 84 83 1.0 0.0 0.0 1 0 1 1 0 0
EDGE2 85 84 1.0 0.0 0.0 1 0 1 1 0 0
EDGE2 86 85 1.0 0.0 0.0 1 0 1 1 0 0
EDGE2 87 86 1.0 0.0 0.0 1 0 1 1 0 0
EDGE2 88 87 1.0 0.0 0.0 1 0 1 1 0 0
EDGE2 89 88 1.0 0.0 0.0 1 0 1 1 0 0
EDGE2 90 89 1.0 0.0 0.0 1 0 1 1 0 0
EDGE2 91 90 1.0 0.0 0.0 1 0 1 1 0 0
EDGE2 92 91 1.0 0.0 0.0 1 0 1 1 0 0
EDGE2 93 92 1.0 0.0 0.0 1 0 1 1 0 0
EDGE2 94 93 1.0 0.0 0.0 1 0 1 1 0 0
EDGE2 95 94 1.0 0.0 0.0 1 0 1 1 0 0
EDGE2 96 95 1.0 0.0 0.0 1 0 1 1 0 0
EDGE2 97 96 1.0 0.0 0.0 1 0 1 1 0 0
EDGE2 98 97 1.0 0.0 0.0 1 0 1 1 0 0
EDGE2 99 98 1.0 0.0 0.0 1 0 1 1 0 0
EDGE2 100 99 1.0 0.0 1.570796 1 0 1 1 0 0
EDGE2 0 100 0.0 0.0 0.0 1 0 1 1 0 0
LE 0 0 5.830952 1.030377 1 0 1
LE 0 11 9.433981 0.558599 1 0 1
LE 1 11 8.602325 0.620249 1 0 1
LE 2 2 9.486833 0.321751 1 0 1
LE 2 11 7.81025 0.694738 1 0 1
LE 3 2 8.544004 0.358771 1 0 1
LE 3 11 7.071068 0.785398 1 0 1
LE 4 2 7.615773 0.404892 1 0 1
LE 4 11 6.403124 0.896055 1 0 1
LE 5 2 6.708204 0.463648 1 0 1
LE 5 11 5.830952 1.030377 1 0 1
LE 6 2 5.830952 0.54042 1 0 1
LE 7 2 5.0 0.643501 1 0 1
LE 8 2 4.242641 0.785398 1 0 1
LE 9 2 3.605551 0.982794 1 0 1
LE 11 3 9.219544 0.218669 1 0 1
LE 12 3 8.246211 0.244979 1 0 1
LE 13 3 7.28011 0.2783 1 0 1
LE 14 3 6.324555 0.321751 1 0 1
LE 15 3 5.385165 0.380506 1 0 1
LE 15 8 9.899495 0.785398 1 0 1
LE 16 3 4.472136 0.463648 1 0 1
LE 16 8 9.219544 0.86217 1 0 1
LE 17 3 3.605551 0.588003 1 0 1
LE 17 8 8.602325 0.950547 1 0 1
LE 18 3 2.828427 0.785398 1 0 1
LE 25 8 7.615773 0.404892 1 0 1
LE 26 8 6.708204 0.463648 1 0 1
LE 27 8 5.830952 0.54042 1 0 1
LE 28 8 5.0 0.643501 1 0 1
LE 29 5 9.219544 0.218669 1 0 1
LE 29 8 4.242641 0.785398 1 0 1
LE 30 5 8.246211 0.244979 1 0 1
LE 30 8 3.605551 0.982794 1 0 1
LE 31 5 7.28011 0.2783 1 0 1
LE 32 5 6.324555 0.321751 1 0 1
LE 33 5 5.385165 0.380506 1 0 1
LE 34 5 4.472136 0.463648 1 0 1
LE 35 5 3.605551 0.588003 1 0 1
LE 35 9 9.848858 0.418224 1 0 1
LE 36 5 2.828427 0.785398 1 0 1
LE 36 9 8.944272 0.463648 1 0 1
LE 37 9 8.062258 0.519146 1 0 1
LE 38 9 7.211103 0.588003 1 0 1
LE 39 9 6.403124 0.674741 1 0 1
LE 40 9 5.656854 0.785398 1 0 1
LE 41 9 5.0 0.927295 1 0 1
LE 50 9 7.211103 0.982794 1 0 1
LE 52 1 9.433981 0.558599 1 0 1
LE 53 1 8.602325 0.620249 1 0 1
LE 54 1 7.81025 0.694738 1 0 1
LE 55 1 7.071068 0.785398 1 0 1
LE 56 1 6.403124 0.896055 1 0 1
LE 57 1 5.830952 1.030377 1 0 1
LE 59 6 9.848858 0.418224 1 0 1
LE 60 6 8.944272 0.463648 1 0 1
LE 61 6 8.062258 0.519146 1 0 1
LE 62 6 7.211103 0.588003 1 0 1
LE 63 4 9.848858 0.418224 1 0 1
LE 63 6 6.403124 0.674741 1 0 1
LE 64 4 8.944272 0.463648 1 0 1
LE 64 6 5.656854 0.785398 1 0 1
LE 65 4 8.062258 0.519146 1 0 1
LE 65 6 5.0 0.927295 1 0 1
LE 65 7 9.433981 1.012197 1 0 1
LE 66 4 7.211103 0.588003 1 0 1
LE 67 4 6.403124 0.674741 1 0 1
LE 68 4 5.656854 0.785398 1 0 1
LE 69 4 5.0 0.927295 1 0 1
LE 75 4 5.0 0.643501 1 0 1
LE 75 7 9.433981 0.558599 1 0 1
LE 76 4 4.242641 0.785398 1 0 1
LE 76 7 8.602325 0.620249 1 0 1
LE 77 4 3.605551 0.982794 1 0 1
LE 77 7 7.81025 0.694738 1 0 1
LE 78 7 7.071068 0.785398 1 0 1
LE 79 7 6.403124 0.896055 1 0 1
LE 80 7 5.830952 1.030377 1 0 1
LE 81 10 9.219544 0.218669 1 0 1
LE 82 10 8.246211 0.244979 1 0 1
LE 83 10 7.28011 0.2783 1 0 1
LE 84 10 6.324555 0.321751 1 0 1
LE 85 10 5.385165 0.380506 1 0 1
LE 86 0 9.486833 0.321751 1 0 1
LE 86 10 4.472136 0.463648 1 0 1
LE 87 0 8.544004 0.358771 1 0 1
LE 87 10 3.605551 0.588003 1 0 1
LE 88 0 7.615773 0.404892 1 0 1
LE 88 10 2.828427 0.785398 1 0 1
LE 89 0 6.708204 0.463648 1 0 1
LE 90 0 5.830952 0.54042 1 0 1
LE 90 11 9.433981 1.012197 1 0 1
LE 91 0 5.0 0.643501 1 0 1
LE 92 0 4.242641 0.785398 1 0 1
LE 93 0 3.605551 0.982794 1 0 1
LE 100 0 5.830952 1.030377 1 0 1
LE 100 11 9.433981 0.558599 1 0 1
