V2 0 -0.0057 0.002162 0.009272
V2 1 0.999665 -0.010352 -0.007989
V2 2 1.994886 0.001181 -0.01175
V2 3 2.995068 0.006095 0.001872
V2 4 4.010559 -0.020788 0.011288
V2 5 4.978578 -0.017343 -0.010964
V2 6 5.993987 0.00385 -0.00254
V2 7 6.989882 0.005444 0.000264
V2 8 7.999226 0.000786 0.006367
V2 9 9.007291 0.00317 0.001838
V2 10 9.991836 -0.00319 -0.000684
V2 11 11.001886 -0.012147 0.003824
V2 12 11.991451 -0.008111 0.01227
V2 13 13.004922 0.016196 -0.012962
V2 14 13.991883 -0.012387 0.003286
V2 15 15.016966 0.004446 -0.003297
V2 16 15.995291 0.000614 -0.010039
V2 17 17.011672 0.01016 -0.021194
V2 18 18.000267 -0.000947 0.000881
V2 19 18.998975 0.003337 -6.6e-05
V2 20 19.999955 0.006324 -0.004385
V2 21 20.994415 0.016221 -0.010389
V2 22 22.008766 0.006698 0.009133
V2 23 22.969293 0.019664 -0.021864
V2 24 24.007116 0.000953 -0.017863
V2 25 24.998377 0.010527 1.574924
V2 26 25.002497 0.999668 1.572008
V2 27 25.010772 2.004233 1.57587
V2 28 25.006613 2.981495 1.565969
V2 29 24.991961 4.003838 1.571371
V2 30 24.988103 4.98687 1.571476
V2 31 24.992459 5.997293 1.565722
V2 32 24.997697 7.005208 1.588573
V2 33 25.003338 7.992524 1.57934
V2 34 24.987459 9.003984 1.586401
V2 35 25.014446 9.99923 1.548736
V2 36 25.006337 10.999517 1.551438
V2 37 25.016808 12.009677 1.560816
V2 38 24.990409 12.993095 1.575768
V2 39 24.998016 14.004007 1.579667
V2 40 25.004237 14.991533 1.579799
V2 41 25.00232 15.995187 1.56492
V2 42 24.983815 16.973163 1.586787
V2 43 25.008359 17.996687 1.552157
V2 44 24.997424 19.01255 1.570198
V2 45 24.992456 19.989753 1.576913
V2 46 24.999941 21.010567 1.56399
V2 47 25.021387 22.003934 1.561985
V2 48 25.000551 23.012427 1.561101
V2 49 25.007294 23.997786 1.578889
V2 50 24.99139 24.982696 3.14317
V2 51 23.991167 24.990809 3.125928
V2 52 23.00788 24.969884 3.146202
V2 53 22.003884 25.00234 3.121712
V2 54 21.00761 25.010622 3.135748
V2 55 19.992633 25.003897 3.147061
V2 56 19.012825 25.008903 3.157943
V2 57 17.99005 24.998254 3.139381
V2 58 17.014726 24.996126 3.151716
V2 59 15.997013 25.012825 3.1445
V2 60 15.005842 24.989978 3.136726
V2 61 13.981003 24.979869 3.151564
V2 62 12.992896 24.995761 3.134299
V2 63 12.002222 25.012691 3.140786
V2 64 11.008662 24.993248 3.138982
V2 65 10.00858 25.009639 3.149927
V2 66 9.009809 24.984081 3.140218
V2 67 7.99629 24.979665 3.144762
V2 68 6.987147 25.018988 3.151058
V2 69 5.991963 25.000258 3.138304
V2 70 5.018742 25.008726 3.147643
V2 71 4.012208 25.011027 3.162218
V2 72 2.999006 24.992359 3.126
V2 73 1.977412 25.001838 3.133466
V2 74 0.996386 24.997607 3.160879
V2 75 0.013935 25.007997 4.693819
V2 76 0.010703 23.9941 4.729128
V2 77 0.009335 23.006858 4.705982
V2 78 0.009362 21.990118 4.723439
V2 79 -0.013553 20.994893 4.72546
V2 80 -0.005229 19.991603 4.729149
V2 81 -0.015122 18.999701 4.703971
V2 82 0.004225 18.002268 4.697601
V2 83 -0.002504 17.00435 4.722842
V2 84 0.000962 16.00923 4.712472
V2 85 -0.007843 15.0048 4.713786
V2 86 0.014542 14.005718 4.710364
V2 87 0.015256 13.00426 4.715009
V2 88 -0.021617 11.99643 4.715605
V2 89 0.007134 10.994658 4.706161
V2 90 -0.009279 9.983362 4.722759
V2 91 -0.007485 9.00348 4.698246
V2 92 0.009807 7.991688 4.719814
V2 93 -0.019862 7.007766 4.718787
V2 94 -0.007471 6.001935 4.706219
V2 95 0.003219 5.015836 4.722653
V2 96 -0.001066 4.000428 4.715364
V2 97 0.008639 2.993946 4.720493
V2 98 -0.009221 2.004398 4.719053
V2 99 0.017707 1.012934 4.703112
V2 100 -0.004456 0.01244 -0.001745
L 0 3.007938 5.004486
L 1 15.020305 19.993933
L 2 10.989176 3.004207
L 3 19.991015 2.006061
L 4 2.993755 20.980772
L 5 23.000376 12.99516
L 6 7.006406 20.986401
L 7 5.009838 16.988178
L 8 22.006688 7.004994
L 9 21.003865 18.991818
L 10 1.992117 9.988811
L 11 7.989611 5.002637
