V2 0 -0.033402 0.042057 -0.069538
V2 1 1.035743 0.014545 0.117446
V2 2 1.997749 0.006036 0.045366
V2 3 3.064767 0.008569 -0.024651
V2 4 4.03283 0.054158 -0.025159
V2 5 5.022202 0.017891 0.010386
V2 6 5.990905 0.018821 0.032653
V2 7 6.980471 0.032593 -0.036431
V2 8 7.996489 0.076218 -0.037903
V2 9 8.974973 -0.052647 -0.017674
V2 10 9.93994 -0.074946 -0.000954
V2 11 10.944941 0.094408 -0.088394
V2 12 12.010441 0.142729 -0.010502
V2 13 13.016753 0.073023 0.024497
V2 14 13.968214 -0.050108 0.051679
V2 15 14.903396 -0.051064 0.060888
V2 16 16.012268 0.03935 0.05577
V2 17 17.003948 0.029834 0.010684
V2 18 18.111561 -0.018888 -0.036654
V2 19 18.952967 0.01185 0.05555
V2 20 19.90425 -0.026445 -0.043161
V2 21 21.044109 0.016806 -0.050074
V2 22 22.057218 0.077914 0.049258
V2 23 23.038262 0.03241 0.005291
V2 24 24.007389 -0.039985 0.028827
V2 25 24.976436 -0.020604 1.620282
V2 26 24.996648 0.95532 1.626571
V2 27 24.9993 1.996923 1.560835
V2 28 25.068389 2.926221 1.588799
V2 29 25.016193 4.094832 1.538623
V2 30 24.996644 5.015499 1.586173
V2 31 25.038096 6.018644 1.584962
V2 32 25.046637 6.998849 1.605961
V2 33 24.947478 8.032784 1.575969
V2 34 24.989334 8.949289 1.547437
V2 35 24.991004 10.053302 1.576096
V2 36 25.016486 10.900582 1.545045
V2 37 25.018401 12.006484 1.656891
V2 38 24.990952 13.036938 1.555038
V2 39 25.003965 13.977893 1.592976
V2 40 25.074574 14.986796 1.524347
V2 41 24.955397 15.984652 1.549563
V2 42 24.999414 17.05744 1.584741
V2 43 24.978616 17.999356 1.559326
V2 44 24.972466 19.072855 1.532589
V2 45 25.010217 20.019911 1.514688
V2 46 25.085451 21.018046 1.533734
V2 47 24.948861 22.005376 1.618722
V2 48 25.046097 22.945525 1.556063
V2 49 24.998509 24.046573 1.525333
V2 50 25.031043 24.92508 3.064689
V2 51 24.005141 24.97961 3.135444
V2 52 22.940571 25.052342 3.168615
V2 53 22.057876 25.060087 3.126591
V2 54 20.99056 25.000333 3.15923
V2 55 20.035423 25.040066 3.235726
V2 56 18.977774 24.994425 3.141303
V2 57 17.92754 24.99293 3.160579
V2 58 17.083707 24.874175 3.139573
V2 59 16.002854 24.903143 3.13357
V2 60 14.95408 24.962103 3.122625
V2 61 14.068312 25.119846 3.183274
V2 62 12.942809 24.963642 3.199
V2 63 11.960024 24.979911 3.100362
V2 64 10.949873 25.056698 3.167072
V2 65 9.967549 24.98017 3.166114
V2 66 9.014489 24.933603 3.14281
V2 67 7.991195 24.958265 3.179503
V2 68 6.980446 25.020888 3.094214
V2 69 6.001827 25.106602 3.068223
V2 70 5.026981 25.043776 3.074805
V2 71 3.89768 25.022744 3.234352
V2 72 3.029585 25.084366 3.152193
V2 73 2.104544 25.077352 3.115205
V2 74 1.053521 25.047805 3.091756
V2 75 0.060975 24.950771 4.734208
V2 76 -0.027918 23.969609 4.816988
V2 77 -0.036852 22.964487 4.743166
V2 78 -0.003996 21.98807 4.697294
V2 79 0.063301 20.981941 4.686427
V2 80 -0.043183 20.018634 4.647863
V2 81 -0.055068 19.060592 4.70606
V2 82 0.034182 17.94284 4.761337
V2 83 -0.010134 16.96828 4.767201
V2 84 -0.010263 16.025663 4.697412
V2 85 0.020579 15.034535 4.780585
V2 86 -0.010755 13.985283 4.754718
V2 87 0.09909 12.904526 4.745599
V2 88 -0.016743 11.943207 4.801995
V2 89 -0.029491 10.905139 4.816844
V2 90 -0.029315 9.997586 4.632258
V2 91 0.021399 8.985797 4.685107
V2 92 0.011166 7.961344 4.785205
V2 93 0.043876 6.941304 4.733957
V2 94 -0.012894 5.945741 4.695055
V2 95 0.038299 4.933388 4.739618
V2 96 0.016327 4.038273 4.659299
V2 97 -0.014841 2.950139 4.729206
V2 98 0.035653 2.027477 4.736678
V2 99 -0.036292 1.017863 4.716489
V2 100 -0.01938 -0.012913 -0.021066
L 0 2.908505 5.096553
L 1 14.947051 20.039553
L 2 10.953652 3.006036
L 3 20.006911 2.059682
L 4 3.087157 21.084356
L 5 22.957508 12.925676
L 6 6.973268 21.006012
L 7 5.053347 17.049043
L 8 21.979314 7.036042
L 9 21.00669 18.952791
L 10 1.964056 10.018134
L 11 7.998593 4.869171
