-0.033402  0.042057 -0.069538
  0.964181 -0.0274252 -0.0695378
   1.96176 -0.0969073 -0.0695382
   2.95935   -0.16639 -0.0695381
   3.95693  -0.235872 -0.0695379
   4.95451  -0.305354 -0.0695382
    5.9521  -0.374836 -0.0695381
   6.94968  -0.444318 -0.0695375
   7.94726  -0.513799 -0.0695375
   8.94485  -0.583281 -0.0695379
   9.94243  -0.652762 -0.0695382
     10.94  -0.722245 -0.0695385
   11.9376  -0.791727 -0.0695388
   12.9352   -0.86121 -0.0695388
   13.9328  -0.930693 -0.0695388
   14.9303   -1.00018 -0.0695382
   15.9279   -1.06966 -0.0695384
   16.9255   -1.13914 -0.0695385
   17.9231   -1.20862 -0.0695381
   18.9207    -1.2781 -0.0695382
   19.9183   -1.34759 -0.0695383
   20.9158   -1.41707 -0.0695384
   21.9134   -1.48655 -0.0695384
    22.911   -1.55603 -0.0695384
   23.9086   -1.62552 -0.0695383
24.9062  -1.695 1.50126
  24.9757 -0.697416   1.50126
 25.0451 0.300168  1.50126
25.1146 1.29775 1.50126
25.1841 2.29533 1.50126
25.2536 3.29292 1.50126
25.3231  4.2905 1.50126
25.3926 5.28808 1.50126
 25.462 6.28567 1.50126
25.5315 7.28325 1.50126
 25.601 8.28083 1.50126
25.6705 9.27842 1.50126
  25.74  10.276 1.50126
25.8094 11.2736 1.50126
25.8789 12.2712 1.50126
25.9484 13.2687 1.50126
26.0179 14.2663 1.50126
26.0874 15.2639 1.50126
26.1569 16.2615 1.50126
26.2263 17.2591 1.50126
26.2958 18.2567 1.50126
26.3653 19.2542 1.50126
26.4348 20.2518 1.50126
26.5043 21.2494 1.50126
26.5738  22.247 1.50126
26.6432 23.2446 3.07205
25.6456 23.3141 3.07205
24.6481 23.3835 3.07205
23.6505  23.453 3.07205
22.6529 23.5225 3.07205
21.6553  23.592 3.07205
20.6577 23.6615 3.07205
19.6602  23.731 3.07205
18.6626 23.8004 3.07205
 17.665 23.8699 3.07205
16.6674 23.9394 3.07205
15.6698 24.0089 3.07205
14.6722 24.0784 3.07205
13.6747 24.1479 3.07205
12.6771 24.2173 3.07205
11.6795 24.2868 3.07205
10.6819 24.3563 3.07205
9.68432 24.4258 3.07205
8.68674 24.4953 3.07205
7.68915 24.5647 3.07205
6.69157 24.6342 3.07205
5.69399 24.7037 3.07205
 4.6964 24.7732 3.07205
3.69882 24.8427 3.07205
2.70124 24.9122 3.07205
1.70365 24.9816 4.64285
1.63417 23.9841 4.64285
1.56469 22.9865 4.64285
1.49521 21.9889 4.64285
1.42572 20.9913 4.64285
1.35624 19.9937 4.64285
1.28676 18.9961 4.64285
1.21728 17.9986 4.64285
1.14779  17.001 4.64285
1.07831 16.0034 4.64285
1.00883 15.0058 4.64285
0.939347  14.0082  4.64285
0.869865  13.0106  4.64285
0.800383  12.0131  4.64285
0.730901  11.0155  4.64285
0.661419  10.0179  4.64285
0.591936  9.02031  4.64285
0.522454  8.02272  4.64285
0.452972  7.02514  4.64285
0.38349 6.02756 4.64285
0.314008  5.02997  4.64285
0.244526  4.03239  4.64285
0.175044  3.03481  4.64285
0.105562  2.03722  4.64285
0.0360799   1.03964   4.64285
-0.0334019  0.0420571  -0.069538
