 -0.0057 0.002162 0.009272
  0.994257  0.0114336 0.00927219
  1.99421 0.0207053 0.0092718
   2.99417  0.0299767 0.00927187
   3.99413  0.0392484 0.00927207
   4.99408  0.0485201 0.00927179
   5.99404  0.0577919 0.00927192
     6.994   0.067064 0.00927253
   7.99396  0.0763364 0.00927255
   8.99391  0.0856089 0.00927212
   9.99387  0.0948809 0.00927179
   10.9938   0.104153 0.00927148
   11.9938   0.113424 0.00927121
   12.9937   0.122695 0.00927125
   13.9937   0.131966 0.00927121
   14.9937   0.141237 0.00927182
   15.9936   0.150509 0.00927164
   16.9936    0.15978 0.00927149
   17.9935   0.169052 0.00927193
   18.9935   0.178323 0.00927177
   19.9934   0.187595 0.00927166
  20.9934  0.196867 0.0092716
   21.9934   0.206138 0.00927158
  22.9933  0.215409 0.0092716
   23.9933   0.224681 0.00927166
 24.9932 0.233952  1.58007
 24.984 1.23391 1.58007
24.9747 2.23387 1.58007
24.9654 3.23382 1.58007
24.9561 4.23378 1.58007
24.9469 5.23374 1.58007
24.9376 6.23369 1.58007
24.9283 7.23365 1.58007
24.9191 8.23361 1.58007
24.9098 9.23357 1.58007
24.9005 10.2335 1.58007
24.8912 11.2335 1.58007
 24.882 12.2334 1.58007
24.8727 13.2334 1.58007
24.8634 14.2334 1.58007
24.8542 15.2333 1.58007
24.8449 16.2333 1.58007
24.8356 17.2332 1.58007
24.8263 18.2332 1.58007
24.8171 19.2331 1.58007
24.8078 20.2331 1.58007
24.7985  21.233 1.58007
24.7892  22.233 1.58007
  24.78  23.233 1.58007
24.7707 24.2329 1.58007
24.7614 25.2329 3.15086
23.7615 25.2236 3.15086
22.7615 25.2143 3.15086
21.7616 25.2051 3.15086
20.7616 25.1958 3.15086
19.7617 25.1865 3.15086
18.7617 25.1772 3.15086
17.7617  25.168 3.15086
16.7618 25.1587 3.15086
15.7618 25.1494 3.15086
14.7619 25.1402 3.15086
13.7619 25.1309 3.15086
 12.762 25.1216 3.15086
 11.762 25.1123 3.15086
 10.762 25.1031 3.15086
9.76208 25.0938 3.15086
8.76212 25.0845 3.15086
7.76217 25.0753 3.15086
6.76221  25.066 3.15086
5.76225 25.0567 3.15086
4.76229 25.0474 3.15086
3.76234 25.0382 3.15086
2.76238 25.0289 3.15086
1.76242 25.0196 3.15086
0.762465  25.0104  3.15086
-0.237492   25.0011   4.72166
-0.22822  24.0011  4.72166
-0.218948   23.0012   4.72166
-0.209677   22.0012   4.72166
-0.200405   21.0013   4.72166
-0.191133   20.0013   4.72166
-0.181861   19.0013   4.72166
-0.17259  18.0014  4.72166
-0.163319   17.0014   4.72166
-0.154047   16.0015   4.72166
-0.144776   15.0015   4.72166
-0.135504   14.0016   4.72166
-0.126233   13.0016   4.72166
-0.116961   12.0016   4.72166
-0.107689   11.0017   4.72166
-0.0984178    10.0017    4.72166
-0.0891464    9.00178    4.72166
-0.0798746    8.00182    4.72166
-0.0706027    7.00186    4.72166
-0.0613311     6.0019    4.72166
-0.0520594    5.00195    4.72166
-0.0427877    4.00199    4.72166
-0.0335159    3.00203    4.72166
-0.024244   2.00208   4.72166
-0.014972   1.00212   4.72166
-0.00569988  0.00216207    0.009272
